cabauw (51.97N, 4.93E): 2021-07-09 00:00:00 to 2021-07-10 00:00:00
      z (m)            thl (K)        qt (kg kg-1)        u (m s-1)         v (m s-1)       tke (m2 s-2)    
+1.0024089399E+01 +2.8593080344E+02 +9.1436514631E-03 +1.5056703091E+00 -2.6403829455E-02 +1.0000000000E-01 
+3.0074783933E+01 +2.8799632390E+02 +9.0346568568E-03 +1.9622386546E+00 -4.9677050751E-02 +1.0000000000E-01 
+5.0130772545E+01 +2.8905590484E+02 +8.9540657343E-03 +2.1594716766E+00 -5.0804123854E-02 +1.0000000000E-01 
+7.0192607838E+01 +2.8935976035E+02 +8.8624014873E-03 +2.1878744804E+00 +5.3337044203E-02 +1.0000000000E-01 
+9.0260900036E+01 +2.8967768935E+02 +8.6989649615E-03 +2.2601139038E+00 +3.3572159766E-01 +1.0000000000E-01 
+1.1033632298E+02 +2.8987278299E+02 +8.5745158225E-03 +2.5051653358E+00 +6.8141768375E-01 +1.0000000000E-01 
+1.3041962076E+02 +2.9003906849E+02 +8.4833101556E-03 +2.6743501249E+00 +1.0047290402E+00 +1.0000000000E-01 
+1.5051161499E+02 +2.9018362331E+02 +8.4183620534E-03 +2.7764869081E+00 +1.3064380490E+00 +1.0000000000E-01 
+1.7061321289E+02 +2.9030616022E+02 +8.3860273753E-03 +2.7564251395E+00 +1.5596834839E+00 +1.0000000000E-01 
+1.9072541615E+02 +2.9042924816E+02 +8.3502818704E-03 +2.7637906194E+00 +1.7335220206E+00 +1.0000000000E-01 
+2.1084933076E+02 +2.9055289669E+02 +8.3117412540E-03 +2.7935899440E+00 +1.8424399488E+00 +1.0000000000E-01 
+2.3098617782E+02 +2.9067486064E+02 +8.2234839190E-03 +2.9468874238E+00 +1.8511763214E+00 +1.0000000000E-01 
+2.5113730546E+02 +2.9079647575E+02 +8.1264917733E-03 +3.1233034515E+00 +1.8412404672E+00 +1.0000000000E-01 
+2.7130420200E+02 +2.9089095070E+02 +8.0258522745E-03 +3.3838038701E+00 +1.7632990675E+00 +1.0000000000E-01 
+2.9148851045E+02 +2.9098549794E+02 +7.9260179655E-03 +3.6465078200E+00 +1.6842611506E+00 +1.0000000000E-01 
+3.1169204450E+02 +2.9106735770E+02 +7.8512062277E-03 +3.9651724719E+00 +1.5761688678E+00 +1.0000000000E-01 
+3.3191680614E+02 +2.9114974924E+02 +7.7763158862E-03 +4.2841719404E+00 +1.4679630140E+00 +1.0000000000E-01 
+3.5216500503E+02 +2.9123221925E+02 +7.7174290517E-03 +4.6466804272E+00 +1.3715647980E+00 +1.0000000000E-01 
+3.7243907997E+02 +2.9131518144E+02 +7.6606190110E-03 +5.0154219895E+00 +1.2766394121E+00 +1.0000000000E-01 
+3.9274172236E+02 +2.9140219600E+02 +7.6131950340E-03 +5.3815026576E+00 +1.2139823671E+00 +1.0000000000E-01 
+4.1307590215E+02 +2.9149268739E+02 +7.5735284473E-03 +5.7455208627E+00 +1.1780333642E+00 +1.0000000000E-01 
+4.3344489638E+02 +2.9158366665E+02 +7.5345136209E-03 +6.1082525148E+00 +1.1430869832E+00 +1.0000000000E-01 
+4.5385232056E+02 +2.9166710174E+02 +7.5397216658E-03 +6.3541192829E+00 +1.1735751675E+00 +1.0000000000E-01 
+4.7430216316E+02 +2.9175116932E+02 +7.5449405359E-03 +6.6004971044E+00 +1.2041267238E+00 +1.0000000000E-01 
+4.9479882356E+02 +2.9182310738E+02 +7.5652769568E-03 +6.7691904529E+00 +1.2366740394E+00 +1.0000000000E-01 
+5.1534715367E+02 +2.9186192530E+02 +7.6255101951E-03 +6.7319051235E+00 +1.2743833160E+00 +1.0000000000E-01 
+5.3595250374E+02 +2.9190125555E+02 +7.6859105758E-03 +6.6945163304E+00 +1.3121972327E+00 +1.0000000000E-01 
+5.5662077250E+02 +2.9192915975E+02 +7.7391751713E-03 +6.6099458447E+00 +1.3493304744E+00 +1.0000000000E-01 
+5.7735846219E+02 +2.9193154130E+02 +7.7767034676E-03 +6.4227597477E+00 +1.3848575163E+00 +1.0000000000E-01 
+5.9817273888E+02 +2.9193429391E+02 +7.8143703608E-03 +6.2348823480E+00 +1.4205157642E+00 +1.0000000000E-01 
+6.1907149840E+02 +2.9193588046E+02 +7.8481217006E-03 +6.0590452663E+00 +1.4622188752E+00 +1.0000000000E-01 
+6.4006343856E+02 +2.9192773829E+02 +7.8554294429E-03 +5.9661125882E+00 +1.5426751888E+00 +1.0000000000E-01 
+6.6115813793E+02 +2.9191991428E+02 +7.8627729579E-03 +5.8727249885E+00 +1.6235253500E+00 +1.0000000000E-01 
+6.8236614184E+02 +2.9191241238E+02 +7.8701559167E-03 +5.7788357822E+00 +1.7048097763E+00 +1.0000000000E-01 
+7.0369905608E+02 +2.9191427654E+02 +7.8607805290E-03 +5.7616122032E+00 +1.8351282347E+00 +1.0000000000E-01 
+7.2516964883E+02 +2.9191987804E+02 +7.8451440332E-03 +5.7727744706E+00 +1.9842067411E+00 +1.0000000000E-01 
+7.4679196136E+02 +2.9192591824E+02 +7.8293970436E-03 +5.7840156152E+00 +2.1343386958E+00 +1.0000000000E-01 
+7.6858142802E+02 +2.9193664954E+02 +7.8122367262E-03 +5.7893652226E+00 +2.2900076242E+00 +1.0000000000E-01 
+7.9055500606E+02 +2.9197835931E+02 +7.7856498018E-03 +5.7517979687E+00 +2.4784411378E+00 +1.0000000000E-01 
+8.1273131570E+02 +2.9202092825E+02 +7.7588175823E-03 +5.7138841136E+00 +2.6686131678E+00 +1.0000000000E-01 
+8.3513079089E+02 +2.9206441248E+02 +7.7317153438E-03 +5.6755887223E+00 +2.8606989449E+00 +1.0000000000E-01 
+8.5777584107E+02 +2.9211818292E+02 +7.7094300542E-03 +5.5914766800E+00 +3.0558084859E+00 +1.0000000000E-01 
+8.8069102417E+02 +2.9219169848E+02 +7.6970776624E-03 +5.4158288662E+00 +3.2550759000E+00 +1.0000000000E-01 
+9.0390323081E+02 +2.9226673632E+02 +7.6845651605E-03 +5.2379043290E+00 +3.4569261916E+00 +1.0000000000E-01 
+9.2744187965E+02 +2.9234341858E+02 +7.6718766906E-03 +5.0574775705E+00 +3.6616151816E+00 +1.0000000000E-01 
+9.5133912352E+02 +2.9241153085E+02 +7.6626293029E-03 +4.8618760562E+00 +3.8476629974E+00 +1.0000000000E-01 
+9.7563006548E+02 +2.9246682601E+02 +7.6583349302E-03 +4.6455966707E+00 +4.0062094843E+00 +1.0000000000E-01 
+1.0003529839E+03 +2.9252371350E+02 +7.6539641888E-03 +4.4254710941E+00 +4.1675754728E+00 +1.0000000000E-01 
+1.0255495650E+03 +2.9258232765E+02 +7.6495097090E-03 +4.2011281650E+00 +4.3320330478E+00 +1.0000000000E-01 
+1.0512651404E+03 +2.9262158318E+02 +7.6362371337E-03 +4.0032850236E+00 +4.4557772439E+00 +1.0000000000E-01 
+1.0775489281E+03 +2.9263516171E+02 +7.6115031299E-03 +3.8408993379E+00 +4.5258145074E+00 +1.0000000000E-01 
+1.1044542713E+03 +2.9264969883E+02 +7.5861842195E-03 +3.6746735762E+00 +4.5975080032E+00 +1.0000000000E-01 
+1.1320388739E+03 +2.9266527804E+02 +7.5602261014E-03 +3.5042512356E+00 +4.6710114916E+00 +1.0000000000E-01 
+1.1603650240E+03 +2.9269261830E+02 +7.5128743301E-03 +3.3853603572E+00 +4.7093351205E+00 +1.0000000000E-01 
+1.1894998017E+03 +2.9273244393E+02 +7.4429030112E-03 +3.3207391403E+00 +4.7105700814E+00 +1.0000000000E-01 
+1.2195152632E+03 +2.9277432218E+02 +7.3708166046E-03 +3.2541645583E+00 +4.7118423725E+00 +1.0000000000E-01 
+1.2504885918E+03 +2.9281844816E+02 +7.2964297438E-03 +3.1854654177E+00 +4.7131552656E+00 +1.0000000000E-01 
+1.2825022073E+03 +2.9293768397E+02 +7.1834851992E-03 +3.1804428597E+00 +4.6737674318E+00 +1.0000000000E-01 
+1.3156438219E+03 +2.9309835885E+02 +7.0486989216E-03 +3.2079287850E+00 +4.6128086326E+00 +1.0000000000E-01 
+1.3500064321E+03 +2.9326635037E+02 +6.9089468798E-03 +3.2364273404E+00 +4.5496040038E+00 +1.0000000000E-01 
+1.3856882320E+03 +2.9344397585E+02 +6.7629094529E-03 +3.2662975079E+00 +4.4824061975E+00 +1.0000000000E-01 
+1.4227924367E+03 +2.9367805571E+02 +6.5846934356E-03 +3.3053074688E+00 +4.3676573986E+00 +1.0000000000E-01 
+1.4614270006E+03 +2.9392370177E+02 +6.3991269163E-03 +3.3459263917E+00 +4.2481757968E+00 +1.0000000000E-01 
+1.5017042195E+03 +2.9418189150E+02 +6.2056705250E-03 +3.3882723401E+00 +4.1236141055E+00 +1.0000000000E-01 
+1.5437402025E+03 +2.9441812709E+02 +6.0154225164E-03 +3.4113253918E+00 +3.9779548345E+00 +1.0000000000E-01 
+1.5876542056E+03 +2.9464410379E+02 +5.8242741585E-03 +3.4216245350E+00 +3.8155792854E+00 +1.0000000000E-01 
+1.6335678191E+03 +2.9488293029E+02 +5.6244219202E-03 +3.4323926464E+00 +3.6458100168E+00 +1.0000000000E-01 
+1.6816040049E+03 +2.9510688110E+02 +5.4369466802E-03 +3.4516486369E+00 +3.5073309828E+00 +1.0000000000E-01 
+1.7318859862E+03 +2.9530102907E+02 +5.2731751191E-03 +3.4838064047E+00 +3.4211660579E+00 +1.0000000000E-01 
+1.7845359975E+03 +2.9550746361E+02 +5.1016907362E-03 +3.5174786426E+00 +3.3309431958E+00 +1.0000000000E-01 
+1.8396739067E+03 +2.9571523286E+02 +4.9389376213E-03 +3.5938496715E+00 +3.2946471891E+00 +1.0000000000E-01 
+1.8974157331E+03 +2.9591907936E+02 +4.7931784855E-03 +3.7340928864E+00 +3.3419463199E+00 +1.0000000000E-01 
+1.9578720880E+03 +2.9613661170E+02 +4.6405669975E-03 +3.8809291421E+00 +3.3914690527E+00 +1.0000000000E-01 
+2.0211465748E+03 +2.9634558186E+02 +4.5000249155E-03 +4.1024872271E+00 +3.4466165640E+00 +1.0000000000E-01 
+2.0873341893E+03 +2.9655369113E+02 +4.3656362404E-03 +4.3789134958E+00 +3.5064853968E+00 +1.0000000000E-01 
+2.1565197674E+03 +2.9677655147E+02 +4.2251604391E-03 +4.6678604744E+00 +3.5690659845E+00 +1.0000000000E-01 
+2.2287765305E+03 +2.9694980550E+02 +4.0664372615E-03 +4.8323701493E+00 +3.5509121530E+00 +1.0000000000E-01 
+2.3041647765E+03 +2.9713447457E+02 +3.9004435121E-03 +4.9995322271E+00 +3.5292476250E+00 +1.0000000000E-01 
+2.3827307665E+03 +2.9733023886E+02 +3.6967274225E-03 +4.9861779187E+00 +3.4521307939E+00 +1.0000000000E-01 
+2.4645058475E+03 +2.9753722494E+02 +3.4484425219E-03 +4.7510039624E+00 +3.3075223511E+00 +1.0000000000E-01 
+2.5495058475E+03 +2.9776416413E+02 +3.1917495420E-03 +4.4850574888E+00 +3.1533740868E+00 +1.0000000000E-01 
+2.6377307665E+03 +2.9806547318E+02 +2.9457503640E-03 +3.8914936469E+00 +2.9367051533E+00 +1.0000000000E-01 
+2.7291647765E+03 +2.9838750062E+02 +2.6908032180E-03 +3.2763395286E+00 +2.7121551094E+00 +1.0000000000E-01 
+2.8237765305E+03 +2.9872797264E+02 +2.5263182302E-03 +2.5515053086E+00 +2.5986384041E+00 +1.0000000000E-01 
+2.9215197674E+03 +2.9908990226E+02 +2.3907808314E-03 +1.7721051015E+00 +2.5225134765E+00 +1.0000000000E-01 
+3.0223341893E+03 +2.9950194338E+02 +2.3077179414E-03 +1.1829612459E+00 +2.4971892985E+00 +1.0000000000E-01 
+3.1261465748E+03 +2.9996812959E+02 +2.2834231241E-03 +8.0809559612E-01 +2.5285285004E+00 +1.0000000000E-01 
+3.2328720880E+03 +3.0050792725E+02 +2.2285549640E-03 +4.2795529512E-01 +2.5544786198E+00 +1.0000000000E-01 
+3.3424157331E+03 +3.0121037252E+02 +2.0861743900E-03 +5.2877513764E-02 +2.5630657387E+00 +1.0000000000E-01 
+3.4546739067E+03 +3.0194432932E+02 +1.9384441910E-03 -3.2277542389E-01 +2.5804746053E+00 +1.0000000000E-01 
+3.5695359975E+03 +3.0264305912E+02 +1.7551386033E-03 -5.5323880412E-01 +2.7502410336E+00 +1.0000000000E-01 
+3.6868859862E+03 +3.0337654747E+02 +1.5678626404E-03 -7.8869399113E-01 +2.9236845806E+00 +1.0000000000E-01 
+3.8066040049E+03 +3.0395749828E+02 +1.5468560128E-03 -8.3795444740E-01 +3.0938969630E+00 +1.0000000000E-01 
+3.9285678191E+03 +3.0453588018E+02 +1.5556092134E-03 -8.5427941393E-01 +3.2661087693E+00 +1.0000000000E-01 
+4.0526542056E+03 +3.0500723727E+02 +1.6076995707E-03 -9.0672832111E-01 +3.2442811005E+00 +1.0000000000E-01 
+4.1787402025E+03 +3.0542710072E+02 +1.6853870379E-03 -9.8056926185E-01 +3.1091414082E+00 +1.0000000000E-01 
+4.3067042195E+03 +3.0580910786E+02 +1.7173015222E-03 -9.9265217642E-01 +2.9175438946E+00 +1.0000000000E-01 
+4.4364270006E+03 +3.0612070530E+02 +1.6803174166E-03 -9.1203136701E-01 +2.6428729584E+00 +1.0000000000E-01 
+4.5677924367E+03 +3.0645248426E+02 +1.6346855452E-03 -8.1786872329E-01 +2.3575117194E+00 +1.0000000000E-01 
+4.7006882320E+03 +3.0678022635E+02 +1.5401675637E-03 -6.4858887323E-01 +2.0261896927E+00 +1.0000000000E-01 
+4.8350064321E+03 +3.0713402336E+02 +1.4446379412E-03 -4.7749719415E-01 +1.6913214738E+00 +1.0000000000E-01 
+4.9706438219E+03 +3.0756339705E+02 +1.3921983191E-03 -2.4159409444E-01 +1.4044420108E+00 +1.0000000000E-01 
+5.1075022073E+03 +3.0802998090E+02 +1.3471592768E-03 +7.7209751278E-03 +1.1241489761E+00 +1.0000000000E-01 
+5.2454885918E+03 +3.0849816337E+02 +1.3411623560E-03 +3.1968494695E-01 +9.9686550722E-01 +1.0000000000E-01 
+5.3845152632E+03 +3.0896800895E+02 +1.3738686480E-03 +6.9357261973E-01 +1.0213219221E+00 +1.0000000000E-01 
+5.5244998017E+03 +3.0947685068E+02 +1.4065580464E-03 +1.0161242997E+00 +1.1076980017E+00 +1.0000000000E-01 
+5.6653650240E+03 +3.1009150295E+02 +1.4373600916E-03 +8.7488043642E-01 +1.7281762761E+00 +1.0000000000E-01 
+5.8070388739E+03 +3.1073913029E+02 +1.4683389539E-03 +7.3282577188E-01 +2.3522163658E+00 +1.0000000000E-01 
+5.9494542713E+03 +3.1125199886E+02 +1.4264927047E-03 +5.0191912898E-01 +2.6120899029E+00 +1.0000000000E-01 
+6.0925489281E+03 +3.1169852733E+02 +1.3423925046E-03 +2.1914416308E-01 +2.6614926043E+00 +1.0000000000E-01 
+6.2362651404E+03 +3.1216846978E+02 +1.2550631225E-03 -9.3779493379E-02 +2.6955794506E+00 +1.0000000000E-01 
+6.3805495650E+03 +3.1258861275E+02 +1.1383870606E-03 -7.0080630296E-01 +2.5725301913E+00 +1.0000000000E-01 
+6.5253529839E+03 +3.1303990726E+02 +1.0212913123E-03 -1.3100166019E+00 +2.4490383211E+00 +1.0000000000E-01 
+6.6706300655E+03 +3.1344171384E+02 +9.2043985838E-04 -1.8312189328E+00 +2.2260123139E+00 +1.0000000000E-01 
+6.8163391235E+03 +3.1377895343E+02 +8.3860504332E-04 -2.2494141722E+00 +1.8871602945E+00 +1.0000000000E-01 
+6.9624418796E+03 +3.1414742715E+02 +7.5654911497E-04 -2.6687393528E+00 +1.5473927151E+00 +1.0000000000E-01 
+7.1089032308E+03 +3.1432671673E+02 +6.7970466663E-04 -2.6713888692E+00 +1.5574690643E+00 +1.0000000000E-01 
+7.2556910242E+03 +3.1445943872E+02 +6.0452967718E-04 -2.5319971695E+00 +1.6868214049E+00 +1.0000000000E-01 
+7.4027758411E+03 +3.1462187198E+02 +5.2920257194E-04 -2.3923234121E+00 +1.8164354887E+00 +1.0000000000E-01 
+7.5501307909E+03 +3.1500391013E+02 +4.4895748079E-04 -2.1128494591E+00 +2.4845063222E+00 +1.0000000000E-01 
+7.6977313157E+03 +3.1543215422E+02 +3.6825014046E-04 -1.8233185718E+00 +3.1906836110E+00 +1.0000000000E-01 
+7.8455550061E+03 +3.1590238195E+02 +2.8835911746E-04 -1.5265316512E+00 +3.8837129763E+00 +1.0000000000E-01 
+7.9935814280E+03 +3.1673179486E+02 +2.5236076385E-04 -9.0960466978E-01 +3.9110715181E+00 +1.0000000000E-01 
+8.1417919614E+03 +3.1760131134E+02 +2.1631763643E-04 -2.9191037083E-01 +3.9384640878E+00 +1.0000000000E-01 
+8.2901696488E+03 +3.1851303080E+02 +1.8023385901E-04 +3.2648057331E-01 +3.9658875512E+00 +1.0000000000E-01 
+8.4386990561E+03 +3.1927898273E+02 +1.6913581827E-04 +9.9457648397E-01 +4.4275987005E+00 +1.0000000000E-01 
+8.5873661418E+03 +3.2008153749E+02 +1.5848104470E-04 +1.6641811618E+00 +4.8976091198E+00 +1.0000000000E-01 
+8.7361581379E+03 +3.2092622362E+02 +1.4781731896E-04 +2.3343484426E+00 +5.3680144425E+00 +1.0000000000E-01 
+8.8850634386E+03 +3.2179580089E+02 +1.3488678411E-04 +2.1253483349E+00 +7.0618128225E+00 +1.0000000000E-01 
+9.0340714984E+03 +3.2270300065E+02 +1.2139326305E-04 +1.7004165065E+00 +9.0567940758E+00 +1.0000000000E-01 
+9.1831727389E+03 +3.2365439524E+02 +1.0789130396E-04 +1.2752189515E+00 +1.1053022870E+01 +1.0000000000E-01 
+9.3323584622E+03 +3.2478393873E+02 +9.2346124036E-05 +1.0076567181E+00 +1.2244548134E+01 +1.0000000000E-01 
+9.4816207725E+03 +3.2611024659E+02 +7.4489400931E-05 +9.1861851832E-01 +1.2524758566E+01 +1.0000000000E-01 
+9.6309525037E+03 +3.2748657191E+02 +5.6624372780E-05 +8.2953890744E-01 +1.2805099322E+01 +1.0000000000E-01 
+9.7803471537E+03 +3.2891557980E+02 +3.8751817467E-05 +7.4042176420E-01 +1.3085558196E+01 +1.0000000000E-01 
+9.9297988236E+03 +3.3108654032E+02 +3.2573102292E-05 +1.4589757812E+00 +1.2421336239E+01 +1.0000000000E-01 
+1.0079302163E+04 +3.3335061031E+02 +2.6943344058E-05 +2.2158205801E+00 +1.1712385784E+01 +1.0000000000E-01 
+1.0228852321E+04 +3.3567859857E+02 +2.1311822835E-05 +2.9729023891E+00 +1.1003213317E+01 +1.0000000000E-01 
+1.0378444896E+04 +3.3804165555E+02 +1.6405898794E-05 +3.6636579069E+00 +1.0363520281E+01 +1.0000000000E-01 
+1.0528075902E+04 +3.4035007154E+02 +1.4183587651E-05 +4.1089148899E+00 +9.9809304260E+00 +1.0000000000E-01 
+1.0677741722E+04 +3.4272145613E+02 +1.1960759446E-05 +4.5542754702E+00 +9.5982515540E+00 +1.0000000000E-01 
+1.0827439080E+04 +3.4515901364E+02 +9.7374628490E-06 +4.9997298964E+00 +9.2154920444E+00 +1.0000000000E-01 
+1.0977165005E+04 +3.4757152172E+02 +7.7617903316E-06 +5.3633234902E+00 +8.7904230124E+00 +1.0000000000E-01 
+1.1126916806E+04 +3.4965386491E+02 +6.8179688871E-06 +5.3859823726E+00 +8.1895237561E+00 +1.0000000000E-01 
+1.1276692045E+04 +3.5179668469E+02 +5.8739997275E-06 +5.4086448012E+00 +7.5885304546E+00 +1.0000000000E-01 
+1.1426488510E+04 +3.5400308889E+02 +4.9298967796E-06 +5.4313104418E+00 +6.9874519746E+00 +1.0000000000E-01 
+1.1576304202E+04 +3.5627642408E+02 +3.9856726610E-06 +5.4539789914E+00 +6.3862963492E+00 +1.0000000000E-01 
+1.1726137305E+04 +3.5797922267E+02 +3.7854672323E-06 +5.2217668678E+00 +6.2050288737E+00 +1.0000000000E-01 
+1.1875986178E+04 +3.5963774328E+02 +3.7013987777E-06 +4.9497431593E+00 +6.0892975398E+00 +1.0000000000E-01 
+1.2025849331E+04 +3.6135360296E+02 +3.6173223114E-06 +4.6776935270E+00 +5.9735551768E+00 +1.0000000000E-01 
+1.2175725416E+04 +3.6312986133E+02 +3.5332385897E-06 +4.4056204182E+00 +5.8578028257E+00 +1.0000000000E-01 
+1.2325613213E+04 +3.6492563144E+02 +3.4600629424E-06 +4.1606474732E+00 +5.7878516318E+00 +1.0000000000E-01 
+1.2475511615E+04 +3.6658742519E+02 +3.4346215347E-06 +4.0342832228E+00 +5.9182641105E+00 +1.0000000000E-01 
+1.2625419621E+04 +3.6830608438E+02 +3.4091784969E-06 +3.9079108766E+00 +6.0486849446E+00 +1.0000000000E-01 
+1.2775336323E+04 +3.7008460801E+02 +3.3837339831E-06 +3.7815311993E+00 +6.1791133446E+00 +1.0000000000E-01 
+1.2925260900E+04 +3.7192622591E+02 +3.3582881328E-06 +3.6551448835E+00 +6.3095485957E+00 +1.0000000000E-01 
+1.3075192608E+04 +3.7384643094E+02 +3.3328097691E-06 +3.5492297373E+00 +6.4307636430E+00 +1.0000000000E-01 
+1.3225130773E+04 +3.7596705132E+02 +3.3069763546E-06 +3.6748512297E+00 +6.4476583435E+00 +1.0000000000E-01 
+1.3375074784E+04 +3.7815079136E+02 +3.2811419328E-06 +3.8004776207E+00 +6.4645537028E+00 +1.0000000000E-01 
+1.3525024089E+04 +3.8040091784E+02 +3.2553065989E-06 +3.9261084471E+00 +6.4814496587E+00 +1.0000000000E-01 
